1.0 1.0 -0.1775535814291008 -0.2135622685544852 0.4038388293965703 0.7192087767159759 0.4078715888780324 0.5199750437706778 0.585725063029229 0.5411809488153182 0.4926964067195162 0.5008730851193145 0.6832773041591098 0.4518729792234346 0.6495751013884868 0.4722882686183711 0.1745699525741702 0.5166131723994335 0.2932741903192756 0.2991537776030254 0.5050366285670113 0.5517211111642503 0.5981367141666002 0.608690892710681 0.5101416973266606 0.5410764148735313
1.0 2.0 0.0441553549732917 0.3854092022446195 -0.2384470006917056 0.7857777725600191 0.3543972487789029 0.5260189466845677 0.5393230093747073 0.5214846593565727 0.5079936672677849 0.5699986248669702 0.6647212672818474 0.5176299737185323 0.634839748033241 0.4021639704727577 0.4204159928784801 0.5950366941399569 0.341013998848124 0.3704881857694529 0.5254870452350414 0.523597909262135 0.639928821534261 0.631861775333325 0.5022699166173414 0.6479865459687342
1.0 3.0 -0.0251874027880195 -0.0311348129497539 -0.1795183870420518 0.7273503641381553 0.3973055720833413 0.4420279692391933 0.6178666734544493 0.5146376193332439 0.4116787447888834 0.4015494647731356 0.6994325828804616 0.4794861254913878 0.618404121457122 0.3953127529289518 0.2170962147752199 0.5714379391910397 0.3322570633545103 0.447853919473944 0.5016757110586383 0.6126470867875814 0.5825399972497214 0.506354314967848 0.5274023148743543 0.5881161687286055
1.0 4.0 -0.3345899851375285 -0.1904421986136233 -0.596722500240292 0.7744845940254335 0.3399236102911397 0.4227883492698995 0.569906695653083 0.551144810469045 0.4686547807765759 0.4973198599693806 0.6328507770849116 0.440403415895935 0.6814874525460103 0.4359849938876463 0.2948674736028125 0.5148949199345307 0.4161315904042917 0.2982266574466933 0.4817843324112245 0.4633172743475875 0.5930801298033457 0.6045199843959835 0.5184821466869624 0.5479203816474311
1.0 5.0 0.0748956894378864 0.5037804453393033 -0.007397860136205 0.8309670626002779 0.3978808433665312 0.4364923657184124 0.5550789448852399 0.3954894593614844 0.4733148958803302 0.4782926174015895 0.6391146866298912 0.5177475997819508 0.5688773207325819 0.4651717783715742 0.1587134624246807 0.5317397569437058 0.339604931799668 0.3109640180219894 0.5115006535191826 0.6373803248500151 0.4974251545545411 0.534204897126674 0.4690051021298309 0.6319339834972054
1.0 6.0 -0.2159681883185394 -0.1602117039896393 0.2323959253539929 0.7632554750524269 0.3447165793706583 0.5129518083857293 0.6098009293020457 0.4944152201035809 0.5146143485773133 0.4310669108243871 0.6270349381594071 0.4005764336229663 0.5580610313394625 0.4691937663588206 0.358933844952337 0.4992629291565275 0.3516666402475546 0.3384054750180284 0.5463102915150343 0.7440077944316206 0.5955563519450313 0.5388660263899208 0.4599588601565796 0.6209732728218555
1.0 7.0 -0.052680229695828 0.0657894121590845 0.2433664637891862 0.7218328060326688 0.3509519735423395 0.4194083945821556 0.5344891185459757 0.4777904818735012 0.4536474721869996 0.4829161972215463 0.675362315688516 0.5182642485948821 0.5622168419283882 0.3918253357538666 0.1930327319115414 0.5201404317360172 0.3690644947051208 0.4073612258189997 0.4071505943376909 0.6488767118351124 0.6211113606658941 0.6260396995176182 0.4942273670310157 0.5673393182945569
1.0 8.0 -0.1761489945542945 -0.4341108758918787 0.171143479481385 0.7457942558765991 0.277683027077005 0.5069087713455617 0.5268381092820239 0.4374751500058768 0.5446726747554228 0.4824813868340474 0.5544669787772124 0.424475249012598 0.579825549382989 0.3994243528246319 0.3350403239596286 0.5100855144015362 0.3293371518541538 0.3567055039183172 0.4167681261463255 0.6393414074130843 0.6653182430145314 0.5359104631081891 0.5238754806647092 0.6447745808916882
1.0 9.0 -0.0921142783234949 0.4940053447797538 0.245075909444151 0.7008007486683311 0.3723608530575388 0.4019172560488212 0.5414346744826778 0.4014824387395033 0.4762811675453692 0.5556366955595498 0.6049466331514819 0.4783014472071939 0.6021578076734723 0.5096795731653624 0.287201420848234 0.4850089321020025 0.3402715135389003 0.4109617516293038 0.4936251171615579 0.6286405382196124 0.6314709499566667 0.6245808019155613 0.5626529504129778 0.6219718010067194
1.0 10.0 0.1006264302599712 -0.1529664414726388 0.0997539983863889 0.6975990662048939 0.3441727586268877 0.5267297966727194 0.574594947238632 0.4804217502800766 0.6065738654267393 0.5094451956369249 0.6275615446265634 0.4276980807957608 0.5848475038505913 0.5410610324486208 0.1896099014736262 0.4800497709744722 0.3335587433684361 0.4105799041522229 0.5265043626462093 0.6995452146267245 0.537648476302727 0.6407135670882356 0.5397655516465039 0.5819414258822586
1.0 11.0 0.2497815084516213 0.1237641728233342 0.1841753412046136 0.6304037562981711 0.3759088633854451 0.5117192320823496 0.5513910687741387 0.5474733414523616 0.4411441808449331 0.5201237646921391 0.7300595674795058 0.462182903879867 0.6201105246124169 0.5212479641520805 0.286174232864004 0.538648341025124 0.335990638604174 0.431291729831178 0.5520616543155067 0.7258969214486944 0.5551139125483526 0.5646124297378265 0.4467715813042474 0.5661079655236029
1.0 12.0 -0.0425787238251603 0.0082428890991205 0.6457017131516474 0.722883789727962 0.3803015036857496 0.484063851103734 0.5652377445954578 0.5242761739957778 0.4112361176356478 0.5312438158713324 0.6231401646335575 0.4655992797913388 0.6646518281845862 0.5799013359560166 0.2694505308501191 0.4635763159388857 0.3083916859333374 0.4238186453952602 0.4657451075573164 0.6820151342643825 0.5695071417197302 0.648104664291866 0.4558209104847137 0.5455176138985512
1.0 13.0 0.0845622631792048 0.3226583816645215 0.0055177356278559 0.6716885178837954 0.3471067466483424 0.4739026084927864 0.5589534688001168 0.4655467625598065 0.4952126603856281 0.4427344004098488 0.6788993509579766 0.5037994350117677 0.6603460860767199 0.427064693011514 0.2329705467632683 0.5964279154152679 0.371895044688986 0.4418810707535973 0.4719050999325479 0.6359853838468817 0.5580276116146266 0.5801347100662209 0.4896115668837045 0.6165925600365633
1.0 14.0 0.066563211130482 -0.1351942262612468 -0.297459119776867 0.6346183269294058 0.3886835678868872 0.3977093622951695 0.505919053857709 0.5200609582425757 0.6313186873710603 0.6145497939657811 0.5847041383123213 0.384891884401955 0.6008442704943499 0.4765582929208818 0.2806503488570562 0.5441158122560692 0.4076562946340119 0.4189540490316028 0.435290656814364 0.6226916055745527 0.5453055990219289 0.5156487344801599 0.4735768432644848 0.61418132185822
1.0 15.0 -0.3292166429074717 0.0243544640838336 0.2508369189529004 0.7361522692097348 0.3474036408591021 0.4795402031721615 0.5907076446562786 0.4952594757650057 0.5767682070561132 0.5660203835817207 0.605024262829406 0.5107541740440339 0.6090405437466198 0.4943173927120985 0.2554897523896433 0.5469855605205685 0.3160054776730951 0.357034530117175 0.4655588785807697 0.6868558795037537 0.5270973618714795 0.587298404969483 0.4606191692791644 0.5412358184554602
1.0 16.0 0.4086589270125844 -0.650318057424261 -0.1476005503773554 0.7747188168089997 0.3793277189038773 0.5056691604955891 0.5070786258225182 0.4431696621418103 0.5369485772553343 0.5327532942392597 0.6574668115276601 0.4357215977929068 0.591026806786464 0.4809273897515764 0.3006074186622292 0.5175392895669066 0.2963549291554438 0.4019630216427044 0.5108585482139616 0.7291023499224124 0.6013765294111388 0.5746204483687809 0.4356013865044532 0.5610752919177031
1.0 17.0 -0.2115830420388383 0.1445029356188981 0.6087562144249387 0.6876480116740269 0.408814232116902 0.5072402166509983 0.5715470574099506 0.475538721674668 0.4802096540267566 0.4970490400606524 0.689498808281231 0.4158773787017124 0.6173803087091743 0.5398161732160198 0.2371389855700033 0.4595506481248291 0.3810025982399591 0.4580356402436368 0.5463571081229117 0.5783802303406772 0.5803442353699111 0.5923785063266772 0.4435643990103975 0.6174139864072947
1.0 18.0 0.0654982367000842 -0.3026911794940396 -0.0509786997868603 0.673830198493422 0.3667829517968347 0.4773307447444842 0.5646369416210891 0.4851194737458869 0.5399015848715354 0.4081690560701028 0.8246012056531848 0.5546657672107149 0.6610992255593812 0.4648933765779213 0.3207120135143443 0.4806787425382033 0.3154271484060998 0.4256834574496904 0.5467005817664147 0.6619407846803942 0.660872211540547 0.5041346642499687 0.5213006004320148 0.5312877389833623
1.0 19.0 0.0015241422369075 0.2868718744447892 -0.9928981218663596 0.7142640298279326 0.3958632150195119 0.4442946049600795 0.5197629536619203 0.4120365751615901 0.524413481709111 0.5488478853386813 0.6779351535524387 0.4762216768083081 0.6411701516448123 0.4866753224175915 0.3348845562545993 0.5811522135215572 0.3316997672545617 0.4906632714738211 0.5536717741795036 0.7053476271558824 0.6369299100476091 0.5592644123016557 0.5004705642278039 0.5686085087889472
1.0 20.0 -0.4219818842234918 -0.0313295373239414 0.1619621783986341 0.7284032427454621 0.4798615141083329 0.4633515127157561 0.6830268006541085 0.4133800426098801 0.4903428381256608 0.4823474633724209 0.5937315334640313 0.4769015360468243 0.6315806060223044 0.4698403713475634 0.2990202539509694 0.506203234615629 0.3466596792221929 0.4540648088644014 0.505499038850258 0.6994543135915217 0.6325539880503533 0.6336491048421337 0.5619788481965656 0.5384659585156023
1.0 21.0 -0.7525531598244877 0.3415647319823383 0.094063426684011 0.6552848460899503 0.3545690921933359 0.4779972647326036 0.5750537371422201 0.5200807500142974 0.5615577918543373 0.4291398889328742 0.5997306774553365 0.4125424732885565 0.6813249739461611 0.4207547191446883 0.2853022795985458 0.5783801268540801 0.3605082635634757 0.3563472598025861 0.4994131776751768 0.6288905866432165 0.5720643973990742 0.566794726181657 0.6529091640103323 0.6840383870331158
1.0 22.0 0.2261800102154654 0.0953538842912405 0.1403316290147293 0.7089007421312162 0.4200904850303776 0.6370709682594369 0.5181801709288019 0.4548180590036201 0.4902840531914431 0.4879486997164458 0.7316708993661613 0.4488125390587575 0.5862881579077716 0.4417576546458277 0.2475779204864914 0.5130596275963648 0.4118772983404808 0.2990735836762626 0.4592360664827389 0.5770577813061981 0.5636748228210225 0.4924605693655029 0.5560557343447543 0.5747376119854745
1.0 23.0 -0.652566866353039 0.0412015333973251 -0.3501786734881278 0.8142850817619103 0.4963980771532948 0.4215015487802207 0.5476105345237611 0.4221345028803931 0.5234357937089132 0.5113852165438918 0.7337830204528497 0.4857852176706219 0.6255795956296173 0.5122463466105571 0.2877112376683207 0.4741467276996703 0.3262294761392579 0.4126067451983504 0.497214476527416 0.6409863426997452 0.5541709534015625 0.6167763737828912 0.5412929403613007 0.5595013810522375
1.0 24.0 0.7086014676006286 -0.1403305230407761 -0.0446247873515519 0.6998694015687021 0.503016766451168 0.567685670569328 0.5615536847862489 0.5028560113582543 0.5832137825529531 0.5516393850787675 0.7517030792471306 0.4547527322572738 0.6436365621057918 0.4660701331266433 0.2704989669431756 0.5308257001518609 0.3361643849164275 0.4130859585922671 0.4198784692568599 0.6322003175940749 0.6991001959045182 0.6500751142865535 0.4396065524760655 0.6538829822093606
1.0 25.0 0.3770940919772458 0.6143193112053497 0.0128858707540082 0.6965385522024673 0.4505978115737791 0.4416743396952904 0.5442560662807603 0.4838819151842317 0.4547017712970188 0.4808691585143654 0.7079168064628583 0.4581229170754736 0.6246961373504303 0.5548299572514332 0.2805605133140388 0.5900702876873503 0.3283670873480467 0.3306273131346188 0.4968930459799054 0.662905426751428 0.6599233192774987 0.5786826577273558 0.517198894428876 0.5493278195177096
1.0 26.0 -0.1214884805705742 0.077818563985328 -0.160760943051823 0.6751949020002127 0.3828622641835788 0.4003421431495292 0.5841087878986767 0.4903860876694142 0.4410643918850562 0.5158272607830712 0.6045115085928615 0.3779795184509779 0.617122947520103 0.4505513443769722 0.273682160762472 0.4869845677618069 0.4741667227515826 0.4117985312744795 0.5727466706454278 0.644591825679796 0.7309852351048142 0.6298084680853322 0.60162904711456 0.5690594393672729
1.0 27.0 0.4509571413409224 -0.1412569757045288 -0.0742904429711379 0.7806858029546313 0.469574358595077 0.4434630651604049 0.675444037491779 0.398744242101927 0.4918176680260405 0.4585976544504955 0.7172116115073929 0.400247588233315 0.6727216431908932 0.4065287969665164 0.3621946462792319 0.5930220338645343 0.2837585544705825 0.3435228404230613 0.4465666180975926 0.6572986199116307 0.6582068227003799 0.5727745214686308 0.4282346904281819 0.4863570792380368
1.0 28.0 0.349607385416362 -0.0450994704432699 0.1766020241138511 0.6708225857152131 0.478881645050605 0.4627513963532176 0.4876945223532872 0.5230783294376765 0.5416166821372761 0.5307617958658043 0.7095291591972487 0.5181581151270727 0.6517875901720046 0.4918219898149443 0.3299706352715177 0.5458266937732865 0.3311200826791359 0.4209465621324149 0.6362796520433841 0.6096972842406467 0.5881299371001091 0.620929566373751 0.564304741304317 0.6469732789691416
1.0 29.0 0.3063181271417156 0.0636575130208668 0.2502379055297922 0.7184777310319561 0.4199661200465947 0.4628268162344033 0.6000588002450308 0.4853133420404037 0.5771777231613698 0.4184062749995618 0.63251803974344 0.49519561961594 0.5902451252648924 0.488842118126801 0.274585349304919 0.5655331621744228 0.3452615627516293 0.407351031531615 0.4507968075875094 0.6290781072357833 0.6603831031720043 0.5762536102917653 0.5009528178866303 0.6413594387660556
1.0 30.0 -0.3732171276071757 -0.5976010273529159 0.0589631177534957 0.7562823095286558 0.3676564769333499 0.481737537327197 0.5516842282219767 0.4810146614171856 0.4852853293418475 0.5756150864510701 0.6589442973317036 0.4396421383014781 0.7341861899575064 0.5104370335991308 0.2762752322190842 0.5098968243196544 0.4024641420687664 0.333108217361229 0.4993468955398476 0.6031444833918784 0.5137904094367476 0.6217998306374763 0.4395425445917373 0.5486337627748302
1.0 31.0 0.0302572855055573 -0.2897835646429641 -0.3194890329146975 0.7635008429934456 0.4124151646749295 0.5708377464590044 0.553993190783127 0.4908702824402629 0.5037689453110205 0.4605958852212194 0.712028129343034 0.4442916565189975 0.6142395406020427 0.4272669817052695 0.2112539554199869 0.4689722876099352 0.3468983379989494 0.4113130439773353 0.5199923518427724 0.6874785831060579 0.5873419377840825 0.5690187400922267 0.4815930209069405 0.6545934753615037
1.0 32.0 -0.4597586317279707 -0.2554801543581328 -0.0590608942947069 0.7265642681066311 0.4653736101357767 0.4926158763171896 0.5366074219314876 0.3000924207239628 0.4187519959198442 0.4944847107664974 0.6437869271064993 0.4741070010141682 0.5739980170866287 0.5319432279858102 0.2359827412323083 0.4405419071618273 0.3586423094001254 0.4212960149921834 0.4272197323296403 0.7158506743810463 0.5891821810194258 0.5717341799607525 0.5732754620120117 0.5249796238256353
1.0 33.0 0.3262149013252031 -0.2309215113661758 0.0808100093950245 0.6845550663366388 0.4285869143539252 0.5246150484370187 0.5560261599741767 0.4988873045721246 0.6116055428896495 0.5524865540988502 0.6491102409460654 0.4701792258747051 0.539327126255107 0.408595885380512 0.3000552754648873 0.4833202961153324 0.2929285506933143 0.3144707463528924 0.4526781622633927 0.6682007594083925 0.5944271019498376 0.6473967858327545 0.510244015032401 0.6281203382764903
1.0 34.0 -0.0573436982826336 -0.2262156328477194 -0.4772835163208346 0.8327166212111502 0.3120179751296276 0.5236830421819665 0.5980503897501156 0.482501772343509 0.4618978862007619 0.4657782396368771 0.7513632295094781 0.4262773184719508 0.5861463544152785 0.4486212676442841 0.2531736933720102 0.4492370140877523 0.3382809359330835 0.3117531133049526 0.5033811516749249 0.6473191595920733 0.583236160158705 0.5519396529167069 0.5026528910245671 0.5267185177857614
1.0 35.0 0.0462351758110573 -0.1137818732608767 0.0615233027399358 0.6978064774983495 0.3947946568662437 0.4539073604020482 0.6296530136419947 0.5975870319762226 0.4444344390764199 0.4808569175841923 0.741324809806468 0.5548469558103108 0.6123852733221995 0.5868848391438288 0.3085759952211546 0.608049094948627 0.307501138552855 0.3846786958940239 0.5649059509830774 0.6415799015182991 0.6412020834583854 0.6112239174611668 0.5150694867150218 0.5930260383838765
1.0 36.0 -0.3353603397659766 0.2307567429764046 0.2992898035107666 0.6692883270056549 0.4762728306345565 0.4400028715041519 0.5821444183220241 0.5154233015450826 0.5496800940072378 0.5397692053128518 0.679306204490872 0.5321331183797813 0.5909532720625856 0.5225544513776476 0.2926369019335994 0.5269020247795925 0.3616297009816173 0.4177341361768556 0.5086628886872768 0.6384994036145913 0.6542889122414294 0.5765584403314891 0.4773386675292295 0.5966092974307936
1.0 37.0 0.1824500771861257 0.3718387316037565 -0.0164841784755985 0.7448510771501939 0.4440753505054082 0.5013014261611553 0.6554603740410834 0.4671693584714959 0.4346582717445374 0.4582794360955274 0.597678815913345 0.4610064940027647 0.5763648421114798 0.5344482226001372 0.2503778130340476 0.5466273538365298 0.3067506072037009 0.4210808119421042 0.4535117682296885 0.6933016471622743 0.6414309996086776 0.7608732824865116 0.5078083911179296 0.517538062725338
1.0 38.0 0.197317981406282 0.2056884778269543 -0.3994977359618436 0.7662616145533391 0.321669781683185 0.4821216858052567 0.5421550455547497 0.5212264125123365 0.4830107704388269 0.4901790426550909 0.6974944788850276 0.3504650290720124 0.5880388300218995 0.4626261365524971 0.2861444033343722 0.5062280862438647 0.4324094719720064 0.4145798300022653 0.4887684076278186 0.5768166249073968 0.57480382640264 0.6161760100012226 0.5746500745102081 0.5601020395678452
1.0 39.0 -0.1052343140945649 0.3638644183378041 0.0232423958703696 0.7613738687749416 0.5586118486564365 0.4715846041988553 0.5652616581503256 0.5286837361420732 0.4872289509630846 0.4050500046391814 0.6157732025584453 0.4880330750492936 0.5563089213507306 0.5710363844490537 0.3378099412082314 0.632141005938453 0.335473094598054 0.4270291734263237 0.49366424857981 0.6491979383901254 0.6644765875446459 0.6608733835269768 0.4899594268289412 0.5567257623122089
1.0 40.0 -0.405712019983393 -0.4357539175606932 0.1610102261251424 0.8164580843153931 0.4836253823177613 0.486965310690465 0.6388844034903223 0.4595175531129192 0.5175499992307832 0.5115846072691643 0.5647116890002059 0.4660809991102391 0.5687206155054476 0.4163197295423226 0.2897388932624297 0.647729359824653 0.3881390370017697 0.3010314591868122 0.4112160328975158 0.7070364634369141 0.6609014187712684 0.6531499347078464 0.5976228182946052 0.5061033308757028
2.0 1.0 -0.1072468377020478 -0.270682573173139 0.1715259778333347 0.5222674434532306 0.3964971746325827 0.4427683432805734 0.644174419799569 0.5536574238092161 0.47211639496484 0.3971819588700343 0.5798201246525589 0.3540252817109362 0.4628078960396301 0.6448528734452773 0.4541401745192251 0.5131389237663424 0.3071017582775774 0.3477301148754804 0.6651481316151966 0.5067070462499442 0.4001378093869344 0.7210125183019598 0.5624894417204723 0.4849101515562538
2.0 2.0 -0.3237501057413033 0.1822404031727662 -0.2993085062677345 0.6049204651642217 0.3722340201228697 0.5139194098050955 0.601014566297776 0.5630276014069183 0.446542233760088 0.3500422995407294 0.5143131833424142 0.3460744433819283 0.4231125837695924 0.6161424141828112 0.437601839400524 0.4469786262224188 0.2923210299407681 0.3756779504254868 0.6682709795860378 0.6521941496611299 0.4215293510473672 0.5963419252427922 0.4876364531772582 0.5614174712127118
2.0 3.0 0.2571452368925433 -0.0372793929917556 0.0433871583278802 0.5613794337951218 0.4359904410794116 0.4682228390939774 0.6313072533330063 0.6114389694434502 0.3821278558177798 0.4560446337309131 0.5601563791541471 0.3474472520594617 0.3607587505869343 0.532180912531558 0.3735543004032732 0.5221107765027794 0.2381552274939907 0.2614073794740763 0.6339152437688625 0.5396214578626386 0.4889769231223592 0.5561847023058607 0.4920472655896971 0.5586670167295495
2.0 4.0 0.1276984885114436 0.2666475127005813 0.057226896629022 0.5150429291588875 0.4571867644987053 0.4960594235195614 0.5591931185703491 0.547072335118587 0.455609358516819 0.4432164098357348 0.522304609360461 0.3192584141205039 0.4220598645047705 0.5092456515400815 0.3523225764206691 0.5062123946680104 0.3594438283684384 0.3646319725313787 0.6408253969861675 0.5580875587097778 0.4413487399538555 0.5428596542278398 0.54126619187547 0.5508342276415628
2.0 5.0 -0.0534681409251443 -0.333303369399597 0.1838139430910131 0.6395401430516705 0.5025498518740456 0.4958820098437292 0.6154440082143039 0.4429029410175592 0.442463828140714 0.4628513781784646 0.5566000681344361 0.3786643593867576 0.3787047547607168 0.5533828623634094 0.4388713896948088 0.4560062834353853 0.2381418654450341 0.4359969389651523 0.6158255683584679 0.617452689064419 0.4688628376591683 0.5791475167023099 0.4303538702770236 0.4996299558953738
2.0 6.0 0.3029911924015495 0.0063973175475706 -0.1527334768940013 0.6140799407008349 0.4824487456233772 0.5350503954054829 0.6379349166929492 0.4599140149782201 0.4228194911657577 0.4084302534131164 0.4553956495667682 0.2550694843969552 0.3276312575647212 0.6386145267447378 0.4634372834483091 0.4516972500973215 0.2994945117528407 0.2643385008832001 0.7181163324112155 0.5214586795609544 0.5048194735139828 0.6584716486075057 0.4509599214640222 0.5068567376427737
2.0 7.0 -0.2700601075057285 -0.1025056834535471 -0.0363664638529245 0.5923915589468951 0.3299706511492087 0.465601981418563 0.6812252659929585 0.5498640979350108 0.426230377858128 0.49430994427252 0.5715325975582833 0.2434805204032178 0.5097155897890233 0.6141113919826245 0.4163150903195615 0.518653764942811 0.3027057652003322 0.3431114362983848 0.7526356978440265 0.6324584885332063 0.5008646228371327 0.5338639248819707 0.4235408945654929 0.5352506726953452
2.0 8.0 0.0662966325156632 -0.6801045524310824 -0.2011646443038023 0.6018966894504657 0.4140992797445417 0.4756169429939165 0.6059459018815271 0.5696086566178773 0.437169050400247 0.4273793964370161 0.5850107357505203 0.3904856885640967 0.3691337512291915 0.5527934972490224 0.4164766391559649 0.5477413635072208 0.2766006636653325 0.2729260667653473 0.6935008842957923 0.6069686844679419 0.537649643151919 0.6027755541256905 0.558067297255273 0.4346652131057517
2.0 9.0 0.5695103173692265 0.3864850726754822 0.1529719291819533 0.5957362499627885 0.396729809375949 0.4494089427026407 0.582272563135312 0.493128527824658 0.484571728355176 0.3987197854021765 0.4739083253729123 0.3468596294987313 0.3569549657569693 0.6199148509705309 0.3666921483289985 0.5094747853400031 0.2960719900828922 0.3681680320593727 0.5852317726806353 0.6256951556148141 0.34496761811866 0.5956196372655979 0.4897597659276129 0.4846033416539202
2.0 10.0 -0.0067945106567398 -0.1578173352151912 0.1616957713124202 0.6223429605138086 0.391542818085037 0.4975134044600258 0.6137955204973239 0.4913600656474105 0.5162348722737097 0.3195088240562774 0.4528648993807762 0.3382067104769717 0.4093263765481934 0.6299146062269176 0.3905437574816904 0.52481566048622 0.2400346582639697 0.3534437928883476 0.7005270191364238 0.5412316273860301 0.4626135279194071 0.6126582239356313 0.6743329608064674 0.4610445329764407
2.0 11.0 -0.3985866288129832 0.2524294582097458 0.0117642307167415 0.6330664567564006 0.4134606839233052 0.4262353977775898 0.6343792162099299 0.5324924458903467 0.5129164303912898 0.4305170032442064 0.5883622385149011 0.2948895107907475 0.4242502736777811 0.6287189481080546 0.4217305324576725 0.4742638741917542 0.3442080039457399 0.3092866781690426 0.7516136871080257 0.5094695337186917 0.4573872931577724 0.4809316224075166 0.4092909715224548 0.4958424573012525
2.0 12.0 -0.038620805790416 0.3412281549070874 -0.0953898455038784 0.5830005651335368 0.4426063224242786 0.4891111417597021 0.6137515208229773 0.5709826035206893 0.4278907120100415 0.3197738281769273 0.535869754319128 0.3241333328969257 0.303716300591943 0.5850035220065156 0.4885957382825426 0.5323350606999295 0.2325134101018347 0.2378056514012839 0.6564904141698102 0.5829708837406088 0.4630938097502138 0.6185251023446348 0.5011378755012884 0.4567736774094647
2.0 13.0 0.0812835946395517 0.0146464824260431 0.5075502238378543 0.6006242358589416 0.4058458157307975 0.4476840638600285 0.6133931301845252 0.5017322213473919 0.4104076583644771 0.3836220519401951 0.5279579566198472 0.3842447399341872 0.4057735122292625 0.617589662603019 0.4190109866708014 0.5147217141526156 0.2057795060658469 0.2917876155010985 0.6348976146748464 0.6006027633703037 0.483962271790856 0.5597026849791366 0.4965024487973773 0.4018179235378654
2.0 14.0 0.2182577592501917 0.2610894387356234 0.0061182321546087 0.7225200101327209 0.373029413840566 0.5614965069826947 0.6198564515058311 0.5252949317961051 0.4214127890587075 0.4409447661267778 0.5565773889770246 0.317786458110059 0.3792827359822497 0.6108978863950177 0.4172722253423163 0.4300431779153351 0.184814254789722 0.3579182627979882 0.6659177941927257 0.5229965837294438 0.4525372400511912 0.5646672730889466 0.5455482299587727 0.5154952829916601
2.0 15.0 0.1353140971714228 -0.3613300645449131 -0.0483243277450404 0.6467906396265546 0.4436497689999334 0.3611323337454347 0.5445139946902986 0.5598725363759307 0.3458760663148332 0.4229088785764441 0.5741250829239428 0.3451948981367976 0.5069563936778856 0.564318462481747 0.3601789808780033 0.4646698323098575 0.3111075844623609 0.1963629379318656 0.7179017845719087 0.5851156447586802 0.452709741614325 0.6374161822203219 0.591076457201045 0.5066672431427908
2.0 16.0 -0.1828110907065278 -0.5825714333771903 0.3416038101866726 0.6062263100352769 0.4226134272237087 0.5244056215830801 0.5844117602160691 0.5854138588767701 0.4622197564696532 0.3651556451436787 0.49217961914645 0.3413384262307438 0.4549449645420894 0.6011935384874398 0.3258564122425996 0.4709857438304781 0.2501397520890027 0.3161449665290086 0.605657230806272 0.5659593937195498 0.4103409035871427 0.4677909050284617 0.4948142396671502 0.472937265581237
2.0 17.0 -0.5989203554702657 0.0619039701985981 0.3044414740035036 0.6414842815719091 0.4884389256378749 0.3845978852837053 0.6527538698568033 0.5866415514079618 0.434317698244562 0.3898637601586223 0.5326164035973402 0.3850340193725332 0.3542249484942193 0.6998306591127682 0.3602910636265433 0.5394902139169292 0.3661458315891875 0.334116010408564 0.6494207419544654 0.5183995214227002 0.4937037811918235 0.5532992667268861 0.4443389254506691 0.4756313842988589
2.0 18.0 0.2280343530465863 -0.0659370968623473 0.4196837668013305 0.6370907815598416 0.4448593442899141 0.4558675438674996 0.602338749861908 0.5317724594593424 0.393226731311253 0.3317076127930655 0.5108428430667719 0.3632131665379605 0.4414034226051953 0.6123554448440586 0.3595512204095575 0.4255634587226685 0.2702647628348499 0.3058556603221896 0.6189635333747865 0.6779684279202569 0.5362806775264763 0.5625259569343392 0.4704042169132331 0.4693101652497656
2.0 19.0 -0.3422201920123077 0.2403751012464043 0.2685901907609592 0.564022091845818 0.4144718568647674 0.3811182013354168 0.6056635628171656 0.4795931778048135 0.3770064366107242 0.3417127405366132 0.5237912869999044 0.3512228516047737 0.389760371534632 0.6653809987324577 0.4773031812909599 0.4821491030084204 0.3261988570870066 0.2520496889764684 0.7011494077011139 0.6066357663144517 0.451210723843357 0.4807616199779997 0.4202352965311152 0.5527961963498944
2.0 20.0 -0.1080051858402262 0.0231476886029977 -0.4617287911416434 0.6275648770805886 0.4638937614330096 0.4870943928958654 0.5957497165238835 0.5126949567588845 0.3019360715378912 0.3195013110624706 0.5073946611090767 0.4015564553153198 0.3596801124292503 0.6644805144520107 0.3485514975058674 0.5196738795520022 0.2947127931058489 0.2770392345094413 0.7464068618266815 0.5512370873201906 0.4356007347298082 0.4630133515372163 0.4736438422778719 0.5430797199935227
2.0 21.0 0.1967483952880836 0.3187380505877731 -0.3359529967370303 0.6349431108012814 0.5098462645993684 0.5144270984041939 0.5884160589919128 0.5888030934471279 0.3474264293714972 0.4634830287556239 0.471630840129437 0.3762375296053843 0.3725734059207987 0.660145889395443 0.3076742994675966 0.564089868741306 0.3311943084313627 0.2818158108496061 0.6373498971241487 0.5185674283135852 0.5027207503817581 0.5353933799527646 0.4810694162662194 0.4404826342928102
2.0 22.0 0.1132800182179218 0.0055386903133717 0.0698634627599433 0.625013136312977 0.4731389524085059 0.4008444911287502 0.6080976310477901 0.5947080941674369 0.4659027230068869 0.4244276968260096 0.4612882817898036 0.2785915090606802 0.504456124451687 0.5032375485657085 0.479426553859944 0.5626490714453849 0.2559728846413793 0.2332885772438393 0.6777653425390171 0.597539286399686 0.3925610607760418 0.5920264697988412 0.4959733220119154 0.5893442571414759
2.0 23.0 -0.3690752184080356 0.0667462053174219 -0.1471938684285718 0.6752645970634216 0.4112388469527579 0.4153523660962264 0.5654535142302469 0.5897941362258338 0.4214092525551225 0.4038725562756488 0.5018772803728963 0.3242981861676393 0.373765857727084 0.5364405928893394 0.3793202172589903 0.5022363074656733 0.3450801386668489 0.3582179872507901 0.6149219162081342 0.4973566375153501 0.4025620692987323 0.594828237153624 0.4318370405721559 0.487883855779502
2.0 24.0 -0.1212922014710667 0.0302382959915405 0.1144977926607891 0.5893403299277223 0.4479953185159526 0.5019139785714013 0.5382627263204607 0.5983332794655486 0.4909266001291881 0.4531288435554684 0.6008265690837944 0.3080778539641563 0.3461418086963822 0.5629220774975541 0.3174120690001861 0.5257311800737954 0.306021675433597 0.2081631163622259 0.591515655010594 0.622025800198883 0.4504485293597732 0.5466204995928701 0.4914793997112023 0.489974821295998
2.0 25.0 0.0485272857405383 0.2360724360812954 -0.4741459096963564 0.7257469943987034 0.3907699152524201 0.5983865383515037 0.621136686999408 0.5973659824867762 0.4310835720296231 0.4544428333842432 0.4778489569076166 0.3695707181298001 0.396300171628318 0.5638373850691683 0.4310773945325589 0.5819690459480846 0.3123333856197199 0.2035621910411116 0.6397373959658403 0.6276854240881427 0.4251898153470545 0.5347246999234724 0.5473692343700333 0.5266371739309317
2.0 26.0 0.0213227483096584 0.6130767972579384 -0.0684278746671144 0.7028764098700563 0.4130886764169621 0.5116879875477798 0.6091817698857933 0.5890230817415032 0.3343013314806879 0.3794767060390748 0.4747536082172778 0.2886964959419187 0.3955836489884118 0.5707973056298542 0.3944277755782069 0.5655491307584636 0.2852849588772411 0.3103951827990394 0.6554764654430382 0.5948039123218306 0.4775465361579961 0.4814336663892036 0.5747588004152081 0.5295968799826758
2.0 27.0 -0.0700300806770772 -0.2167212179873685 0.0425518647522756 0.688667111025514 0.404067758188264 0.3816374539438867 0.5899618292795685 0.577965655386249 0.4111145690688924 0.3642735778852858 0.4469800047271303 0.3472154541928391 0.3891239354479511 0.5653693346906261 0.3833612202419182 0.4702213974801202 0.2164652842295403 0.2813307796835735 0.6278566624013515 0.62741510276516 0.4341709410803226 0.614225675114007 0.4702414415006089 0.4943204474900656
2.0 28.0 -0.472942664804912 -0.336675591719973 -0.1213316876481646 0.632306326804232 0.5121157445783602 0.4971087213583064 0.5945880019291989 0.673693347765227 0.4200185118610408 0.4171173203333619 0.4666088422087938 0.3281610791816725 0.4683948809718505 0.624806090206735 0.4604623319810235 0.523258100815261 0.3778152249128779 0.2774666909989164 0.6336864114556806 0.5867475388069284 0.4222449301782868 0.5569285484617922 0.4601025463203307 0.4857723800580285
2.0 29.0 -0.098624102797327 -0.1420106126290046 -0.0227632603764606 0.6221742228138681 0.4644512344476902 0.4779056568480442 0.6045032295483379 0.5977807889386322 0.4306486123880593 0.416019465497586 0.5760618292505324 0.2648231412003885 0.4614264152807887 0.6478263453603371 0.4668010540979254 0.4251789032071862 0.3606716137281756 0.2888431024027613 0.576641840054384 0.5786788886549755 0.4248568747975546 0.6475077816569009 0.551914800530342 0.499926517936507
2.0 30.0 0.233811460695 0.1270086536492313 -0.132385400133906 0.6132826519014565 0.3970662907724024 0.4299095441301476 0.6117666275284445 0.6268107705176897 0.439849458215899 0.4877104907446261 0.4332186925924552 0.3015506232062857 0.3674469944545991 0.598036051210921 0.4160480263158043 0.5749713750238798 0.3232862061102048 0.1932457619311222 0.656674406369697 0.5730833552540314 0.4401666150774131 0.5542345180527859 0.5774267206113165 0.4582999569664162
2.0 31.0 0.1728305636072463 0.1106305660806747 0.3140916728949422 0.5773930328289582 0.432375022628585 0.4577960050542161 0.5820702019306903 0.6069557572424852 0.4380857610768965 0.358681085397993 0.493384542183347 0.4004884987315787 0.4419921067569218 0.6507497434436251 0.4389726156615012 0.4403635674350704 0.3216736446715033 0.2010348974674155 0.7352631783925873 0.7136566943919869 0.4419972930225038 0.5470685899920091 0.5107385674465978 0.4580889098953232
2.0 32.0 0.1543113842360484 -0.3728965549073652 -0.1009541286405356 0.5479670863625384 0.4098689401700709 0.4612371415438618 0.5649602392529874 0.5349423006866858 0.5183212275724026 0.4292562794622143 0.4562020037582294 0.4024973224699241 0.3883276949927521 0.650103803769924 0.3890415847238313 0.492748041612367 0.2517488120849003 0.3529850895981744 0.5965851966466927 0.5829883286765468 0.5025527405380322 0.5327073615467253 0.4833370748605462 0.4660888264736091
2.0 33.0 0.1547663885510006 0.0931830676941417 -0.0180479085296408 0.6383050130967373 0.3332719278129822 0.5280531757673594 0.6199089188067317 0.4859440500870826 0.4159995459690325 0.3991336444377516 0.413696159011392 0.360194475340989 0.4296307288134066 0.6354283310759703 0.4027571686187955 0.5854554242006088 0.298720392684482 0.3611277217748945 0.6633639696852381 0.5670033964979895 0.4935776885604387 0.5271563963110556 0.5296584972571221 0.525499466310221
2.0 34.0 0.3003477446640117 0.4106528940408491 0.2971804302055422 0.5466130617484914 0.408614820981628 0.4633351538608601 0.6698544493304511 0.5698570993970609 0.4647376222525693 0.3714739235507177 0.456203202165604 0.3377336224057967 0.3557792351501739 0.6108142972029418 0.3912184151489787 0.516702283086978 0.2734443258003877 0.3315127492452626 0.7021672127493757 0.5984717338212556 0.3351762798553041 0.6415725615080771 0.5665480829842026 0.5132183596983717
2.0 35.0 0.0928356102387902 0.0071786658486459 -0.0031098347629398 0.5981946161683065 0.390296571018756 0.4404287903108305 0.6246788846465992 0.5483692608223979 0.5725707221528582 0.5064801432483494 0.4913263821988176 0.3378594794004907 0.4859293394499631 0.5685665756117676 0.444472618940283 0.5645001297795399 0.3374466541562303 0.2639336592839196 0.5886823647849247 0.5540744548828263 0.324728278879654 0.5673417797287604 0.4547074059173593 0.5221835677486395
2.0 36.0 0.3321444836956752 0.5924716818203624 -0.5407430557111912 0.6547101984655949 0.3784858600368533 0.4169152679398481 0.6680426790182885 0.5697595213690365 0.4767559728129972 0.3651167165586543 0.4840924291019851 0.3688646674279495 0.4969899607364685 0.6046400943320202 0.4227319097663595 0.517884930999992 0.3412233233585163 0.2868296695013457 0.576040838907714 0.5538163298971203 0.4123168209187394 0.5576808592548457 0.4001271293245683 0.5384037803247071
2.0 37.0 -0.7939162570305486 0.3723989199649886 0.2050838164941538 0.726575611460847 0.3931162203827322 0.4707401574552992 0.7639900601699066 0.5371265302889554 0.603945927070205 0.4041924485990343 0.5664819292199388 0.3313330123194052 0.5244248491530327 0.716603459582152 0.3440240763861177 0.542115770805056 0.3284570641448638 0.2894478999195796 0.6182860617882661 0.6922630075709719 0.4015823827925441 0.59118439932141 0.3954296439180211 0.4311834570550447
2.0 38.0 -0.4285061700180926 0.1652692494215439 0.2136309296187042 0.6556934227895198 0.4614462161629201 0.4839703850620068 0.5635383773324866 0.6312179071205134 0.5311730429035234 0.4415419360579125 0.5054259396390002 0.2814456205002408 0.4727249676041445 0.6872936622146764 0.3503013293728331 0.6264772196644259 0.286044519794373 0.2736818814987332 0.6928821527061979 0.5684882611138837 0.5049824928383697 0.5112164095831798 0.4379506518132406 0.5068226889995444
2.0 39.0 -0.048106711163284 0.0392793372385644 -0.5364011719113021 0.5710901667247541 0.4994748800380392 0.4569430718311638 0.7152684096025581 0.5763479841715812 0.5007474021887734 0.3980171522081867 0.4716225688299023 0.4282623019726969 0.40017005651397 0.6243812828138687 0.4138253814022686 0.4876291712578847 0.252274849570301 0.3157020903681556 0.6298065621008629 0.6373129340991267 0.4613913424646623 0.5842716832945475 0.4905764375151707 0.5151449242509345
2.0 40.0 0.1887700801844793 0.3614744788284594 -0.1634240530117382 0.6786422520575266 0.3358860137894416 0.5258663747602411 0.6161195413631507 0.4813557211207778 0.5097118845323573 0.3692751786113024 0.4599130662169761 0.290900437036685 0.4668330457064046 0.752636916508464 0.3526720741759746 0.5778485660729655 0.2939992741587009 0.3227928171753326 0.6293372096368627 0.8029496382818743 0.4977291561052274 0.5292578015219787 0.4700268837416452 0.4857003359765282
3.0 1.0 -0.0632254379102573 0.254097965996481 0.3464295473729624 0.6455407570181905 0.5613223944643292 0.5613729211139714 0.5209521011384645 0.2192414259863268 0.5294526423991716 0.4936642328191973 0.6634650212260675 0.5548098869283712 0.6418888928727331 0.4732754947736983 0.4699089890944614 0.3868532732695027 0.5415010994710628 0.4284954979441544 0.7061361224847891 0.4124212799230363 0.6100377953493759 0.4292590917891845 0.5533580528922403 0.6357367503315614
3.0 2.0 0.0381318279873383 0.3625578583737728 -0.4345094997804863 0.6487012179252092 0.5334872954000536 0.4616835582330051 0.3586836623602681 0.2010211472834284 0.6041585773181528 0.4643721197322755 0.5185950902349944 0.4578129659032072 0.6480461925734827 0.5508241696253356 0.4650960414404922 0.459780749152864 0.6008733236671326 0.4773057854589068 0.6911839843913222 0.4509025566761553 0.5935563042496554 0.4394481153317083 0.569520581120843 0.6351203052145753
3.0 3.0 -0.0933389929095539 -0.3885542452856559 -0.0038745307254921 0.6876490852430668 0.4923730719688353 0.5248223976407043 0.4398947542161083 0.2151815673398048 0.5229917422911353 0.5274049962482602 0.5295256770435689 0.473317391744432 0.7306143084264536 0.5198756916087525 0.4301048941429474 0.3863649039027705 0.5642466587712909 0.4053328081496488 0.7089119551315971 0.3997909938954199 0.6470512784927035 0.4514701391998703 0.4023934959216159 0.7117321599937508
3.0 4.0 -0.310714984001841 -0.0401457736526392 -0.1655379953032526 0.6711967145722844 0.5402329908121589 0.5262346266090309 0.448773222770818 0.2210245262890002 0.5601181668369769 0.4424312453988006 0.5394908572502638 0.6122222698824578 0.601354230400123 0.5260313503024304 0.3836346550513144 0.4564371974579938 0.5628207912641993 0.4189869131505206 0.7148357890486648 0.4635045908141945 0.5878096996901442 0.5343405575625529 0.5300850261693429 0.5547820167182516
3.0 5.0 -0.1829440234832895 0.3430910729280149 0.0906138275245765 0.6262802737154405 0.575650739541621 0.4581127717539667 0.3604601188046933 0.2449567666707025 0.6126851718245305 0.544784738233484 0.5100172963231532 0.5891503467555835 0.5819274279083408 0.5196675163056989 0.4673602299741773 0.3965824209400718 0.5867215002654355 0.3760566869554287 0.6138041131873135 0.4560167920532843 0.6688843994722015 0.5201445056289627 0.6071169569149122 0.5480040238392857
3.0 6.0 0.1257535517057347 -0.6672362652194123 -0.1405867496765237 0.6098081172310569 0.4869791811211245 0.4560886151957354 0.4327568167173699 0.159146398209528 0.6172613751688193 0.5425074713917966 0.4634780819358079 0.5591392440071218 0.7004466531656994 0.6369746990424375 0.4261360504510709 0.4236949884078195 0.5579857167184712 0.4600627528639465 0.6705015633690444 0.3770927500793127 0.5913163050585802 0.4267292653778972 0.5016021870181517 0.7098126986376158
3.0 7.0 0.2191356198194905 0.2247628589469245 0.251669460522517 0.5628249783159291 0.4688519585316992 0.5022980400436567 0.4151750447669182 0.2714287748360073 0.5509576634755707 0.6119316003927416 0.5926076843432343 0.538951532862654 0.7380957524735932 0.542877663565933 0.4145247171684912 0.452337177936628 0.5491407697043944 0.456146827723458 0.7771872627550833 0.4406596109317132 0.6341788017607651 0.3524176863405935 0.4541469607844743 0.6362160191967144
3.0 8.0 0.1465708511311517 0.1297202279518075 0.0541381244284574 0.6642354038518792 0.4881723353613229 0.4509579682383703 0.3419623999302936 0.2383734822382112 0.5239673568814228 0.4012475616635665 0.5584200081725573 0.583965870063407 0.6088692530624934 0.4918682229468187 0.4155111781837373 0.4645247334293383 0.5765153945919069 0.3998090962085422 0.6707166477724913 0.4576320135240629 0.6898493360241188 0.4698664525369739 0.5332169676742362 0.6634507810220351
3.0 9.0 -0.2687835033193937 -0.1309716506763046 0.0900266163334017 0.6845746148036399 0.5979055676282439 0.5418264815349776 0.3617940740954831 0.2087854589783446 0.5362819036331844 0.5185845138074653 0.4879715144260591 0.5373222894058132 0.6656527769103424 0.4668868880882976 0.4790161185062799 0.373487388540491 0.5662596680869221 0.4547635213407017 0.729186886592516 0.478706655179452 0.6748840697452849 0.5368234560376379 0.5402081869092766 0.5860824341538194
3.0 10.0 0.0014253683174274 -0.3169049393897704 0.2068028333600036 0.6312248904805464 0.538232209570541 0.4723816535538106 0.4651996392269643 0.1529774808118686 0.4900181910668389 0.559716690465087 0.529781513320124 0.4102118395690489 0.5707364426713879 0.4879388150646258 0.3893412138157478 0.3560153672889313 0.5459504297191196 0.3985597777933521 0.7187781374828278 0.5108614570319796 0.6913098270612275 0.4725838968441977 0.5433504629769537 0.6186614705160266
3.0 11.0 -0.2855993517427594 0.3101602636481876 -0.1868123600050094 0.6646817986822818 0.5828973194091633 0.570045930991966 0.3250251939712505 0.2757153021697874 0.5000880024736798 0.638958184031797 0.4658470112441365 0.502948514371998 0.601494386994281 0.6139399791928803 0.4613905535186284 0.385338118026202 0.523695675208156 0.4389939693952375 0.6720183039475333 0.5098097703495968 0.5415441057477803 0.5351588254149163 0.5834550935040723 0.7220441105869575
3.0 12.0 -0.2078675841444253 -0.187709113549557 -0.1059411217226643 0.6135226113592687 0.5732565661367858 0.3632387513420125 0.3913731319263379 0.2052691066213381 0.6274217321788226 0.465044118935506 0.5770732942144764 0.4972091952668185 0.6492546142448476 0.6096470193218106 0.4075908892890331 0.4369592986595063 0.6387103355816869 0.3962164031161974 0.6437590628599326 0.4788572843699694 0.5488101324377752 0.4151677913779605 0.5198790031438522 0.6875305801983294
3.0 13.0 0.073218930561245 0.0374019762141225 -0.2459565531707113 0.5854434387946378 0.5580240262514269 0.4487335202025845 0.4744583901408785 0.1027385065597341 0.4878104433747003 0.5652186908382335 0.5392123885029765 0.5167680174904008 0.5806429179067774 0.5179783027281571 0.4766033033010248 0.3129853669264866 0.5376265653845372 0.4612801003351434 0.6324955960349988 0.519841766702866 0.6749424397281405 0.4777162904007971 0.4577182010586122 0.7204607933191215
3.0 14.0 0.0296060406194963 -0.2747990726958688 0.3872905338420799 0.7140588527403866 0.6306596141002233 0.495925106910288 0.3254753900044846 0.1741331528123718 0.5253384319979417 0.4937251612723594 0.5464995127645429 0.5367058765628697 0.6572367081317663 0.5387444054877043 0.3967143900570604 0.4064088765951452 0.5181583441110488 0.3777054180098848 0.6884323802922123 0.4046153329870342 0.6539438508442504 0.4594322817887466 0.5044924974721026 0.6812929720429222
3.0 15.0 -0.5555028534133403 -0.315791061816781 0.3054618519193117 0.7025624049330906 0.4631528480401687 0.5268920510634864 0.413480969159658 0.2801632446229029 0.4871673888015507 0.5207247921674436 0.5213342496613321 0.4955543367701996 0.6468689648330745 0.4530960724618648 0.3637258560479023 0.3758104647140224 0.6319775757862418 0.4924476888802039 0.6298046868870264 0.5423771956051986 0.539892890020339 0.4017385918569818 0.461858140250003 0.707296493526364
3.0 16.0 0.1836851176575872 0.2980530711239689 -0.4663798842164965 0.6224778779043697 0.6384303206959623 0.4522393229537305 0.4263206423808959 0.2873151056914002 0.5017122681951991 0.457927450841131 0.5676196864028272 0.5960549392859178 0.6668532407946017 0.5261913183506219 0.4040957310641293 0.4751981287854793 0.5962072630536855 0.4256963705143105 0.6282690502588831 0.4009924588557563 0.5184931946614636 0.4473713529344881 0.5091054957710847 0.586801270889928
3.0 17.0 0.0873407013404309 -0.3003431753728204 -0.012943909334967 0.578515675193744 0.3583632641576308 0.5771897783063848 0.3530012083426124 0.2850212987458 0.5898431002652441 0.5391860503650289 0.5952574201245225 0.6392178731657288 0.6935016627521772 0.5846695012238144 0.3929472985098979 0.4548454482197294 0.4377545174805498 0.4929613825195027 0.6480061969084164 0.4982571769808089 0.54010969581952 0.3197242806565736 0.4985245379455295 0.630103422573504
3.0 18.0 0.3210363820550673 0.1875125568767761 -0.2081192870422002 0.5757536350914384 0.4852679696529003 0.4499192864129149 0.4395232150102845 0.2762849964121769 0.5121144788068286 0.5204437389908103 0.5608279900283186 0.5832328486138958 0.6452542115097883 0.5965606128296299 0.4056756831748346 0.3676977663633208 0.4773986149483293 0.4124069524139885 0.5977783242445778 0.4580863396171548 0.5682043479519387 0.4473958329567346 0.5126224818392788 0.6159354101056335
3.0 19.0 0.3471421039439005 -0.2244841152434728 -0.1581319314247533 0.6069999346690688 0.5828134444579898 0.5715429297787205 0.4610353901062773 0.2296940482512983 0.5208032653433688 0.5243764253516204 0.4639341926279512 0.6173470937547473 0.7218867391628165 0.4628136739921792 0.4877767299512156 0.3606573196134081 0.4537607665963746 0.3537413047562437 0.7405967460542343 0.4499313347509548 0.6255405095419517 0.4862364154539841 0.5045265941358963 0.7283841306012575
3.0 20.0 -0.4207630387965079 -0.08529497436173 0.4670200329464224 0.6756383709180238 0.4907217926700892 0.4221315699548736 0.4189972275777806 0.2676797337390771 0.4989017989905467 0.5312695710417218 0.4997352432901065 0.5406212617123606 0.6058602871116628 0.5974681905742005 0.4908635889411166 0.3791263472923563 0.6037815832338377 0.3703764279977977 0.6445162725497685 0.4348395120871284 0.6095693881606228 0.4271832629078488 0.5215541680639897 0.7029808491207793
3.0 21.0 0.0906321237793705 -0.2971329604134487 0.021031264714063 0.6090499289787783 0.6589942177170169 0.4935569097854043 0.3449951027129651 0.2035405258938848 0.5847209106347904 0.5369980330943798 0.5070153611540275 0.4308739422325737 0.5996303099909982 0.5337226270048655 0.4947814856176633 0.4561549755356057 0.4857636911360522 0.4819442738506879 0.7047393020354984 0.4390422635542915 0.6263367117157272 0.3724321443050619 0.4541431280009257 0.61308218388759
3.0 22.0 0.0505493844054598 0.575822060944096 -0.0684628603844 0.6114023772980781 0.4617054127838111 0.4271095244602678 0.3658769226688354 0.2857725620780464 0.5614146444150836 0.4897855762046428 0.4865038014625683 0.5644927227589361 0.6688769470891748 0.5088283750473234 0.449983932427927 0.3607466084067652 0.4954643901508319 0.4160119857374365 0.6065319077087079 0.4092954063703168 0.6545537353899286 0.4530850750700557 0.5314386375601785 0.6991851207866815
3.0 23.0 -0.0206752189695617 0.5284112518449201 0.0421942775377949 0.6511010289808603 0.4783861920561433 0.5230661077486235 0.4654512312191125 0.2766701494974101 0.4844558994569273 0.5084090718868453 0.4867987468777978 0.5325502723977071 0.6745528511465033 0.607508395000244 0.4391381318710899 0.3317001578969227 0.642396691473296 0.3690949758548249 0.6466036833694591 0.3509076230924045 0.6249921751534222 0.4278506399833574 0.4567555557379719 0.6112732665113658
3.0 24.0 -0.1632883524701832 -0.3074259615341078 0.1966578241903674 0.6293397664339688 0.5299075406483396 0.5430870642963328 0.3503312313212292 0.2446813953909387 0.4949836172354288 0.5249232348636047 0.5819289001358827 0.576954455194092 0.7018697289242312 0.4879909866677049 0.4806303876953234 0.4383274475274188 0.6448087751133708 0.500428861304306 0.7183197943820853 0.5121934704116845 0.6125226836176585 0.369555583928437 0.4918122585826906 0.6679707015199038
3.0 25.0 0.0566347816114434 0.0634012863590976 -0.2993548225665638 0.5994418681309605 0.551415853043593 0.4524129471618552 0.4879526040944474 0.2970207085610611 0.5487937577168712 0.534481605120103 0.6256718907773915 0.5050679345321571 0.6658243028949464 0.5626681273794099 0.3939195732781074 0.4417019781000417 0.5959453754339039 0.4276941261653007 0.6624627185269922 0.412380770625453 0.6047238918762123 0.3774173185217331 0.3481309607809347 0.6589696777496769
3.0 26.0 0.0094729539948179 -0.4331084095751891 0.6133155137213057 0.5634327457756686 0.4528354554090985 0.5035905789057012 0.3520580979539438 0.211542237175821 0.5578849901410462 0.5961626499447115 0.5198556403157681 0.5951285617646158 0.6257912731351137 0.5526150597583176 0.4168646665652462 0.3698715774348665 0.5441304317388469 0.414988624424505 0.7316070989744825 0.5099283540041574 0.6001890991601677 0.4915687164771415 0.4209792517162054 0.6619237928103906
3.0 27.0 -0.0819736561150585 -0.5235187518055457 -0.3671181921705908 0.5606301889701001 0.5774997763432073 0.4575219493721939 0.4392019862184905 0.1208678994502531 0.5640738983493052 0.4497123877568288 0.5995584026206032 0.4912738936762907 0.6010460400529608 0.442349259382274 0.4730700412329102 0.447215667093009 0.5553557779810512 0.5282079516064515 0.7265832275494648 0.4252489105188395 0.5640423889548929 0.4211122184150613 0.5288131380771363 0.6807126694157777
3.0 28.0 -0.240265666340901 -0.2196645208949739 -0.3949104040535553 0.6214139360594654 0.5005127929077965 0.3790328719685058 0.4067784340021315 0.2983969369528123 0.5103862821926741 0.5037627030827688 0.5742923537406888 0.4780995335784207 0.6288542795729118 0.545840934412167 0.3808664500468834 0.3835640568440077 0.6240253317870134 0.3762409004573152 0.720705882335493 0.3959696609967194 0.6577690650024688 0.4013448302778219 0.4505607376194833 0.6843634936096041
3.0 29.0 -0.224912379542098 0.1961188990472037 0.6984529586091197 0.6639160803222535 0.5848366134588572 0.5234733219730903 0.4502064752399184 0.2360102841018577 0.5856535183359393 0.4938256721986531 0.5693621920244205 0.5493513320006613 0.7088592885405058 0.5979934672258764 0.4370042402561166 0.4169831137718122 0.5440664212639977 0.4278004668290132 0.6906049297096529 0.3855671444001734 0.6270515556730922 0.3968799595433918 0.4763527859746661 0.5955436314692991
3.0 30.0 0.3387787145372723 -0.2451542419529529 0.3287042764857782 0.6264492616188638 0.5546416742460846 0.4031138227129086 0.3945915681722324 0.2873525085963175 0.5133307176878252 0.4353188021264292 0.5302041466858356 0.5698209179531007 0.5971770387303323 0.5380621190062129 0.4329828116746271 0.4058772063310974 0.4932828708094865 0.5795449076799051 0.7564310471518507 0.4289441212598464 0.5015238126423156 0.3950660556698504 0.4062754148750964 0.6546589379025647
3.0 31.0 -0.0008736566361111 -0.1748432076653658 0.0651184840986359 0.6491255307036455 0.5796570445844278 0.4690196866058646 0.3397124443976636 0.2677252300992986 0.5595256851422103 0.5369754368993805 0.5383757933747068 0.4710051199493956 0.6348485988700224 0.5500893426465543 0.4851553570403758 0.3247508701919814 0.5261151576631157 0.3635089121086646 0.5895955490551044 0.5053018620038218 0.5898834743293963 0.4727616312749678 0.5251761288713359 0.6652697889323993
3.0 32.0 0.0216155619806756 0.288772863338551 0.1327289720152515 0.6344752529322524 0.5836377391265628 0.5428186124675795 0.4311758808481654 0.2219841859764519 0.5855287856083514 0.5217671105922086 0.5351791110944328 0.5106858469900897 0.5838191368758227 0.4453080143196352 0.4215069929025129 0.4710638921498239 0.5307252671925915 0.4545890750309543 0.661798636502356 0.49879260039477 0.6213698183496793 0.4314368994885555 0.5502249189927425 0.6986913071102955
3.0 33.0 0.2505902912464392 0.4224332235725299 0.5750929571054433 0.5739468318072084 0.6191029752512609 0.456179981789148 0.3527453505287753 0.3002375778405088 0.6112072055796562 0.4849088979512591 0.5635067234393744 0.4977305709410073 0.6473792605452966 0.5072962440911574 0.4610003579938663 0.3814262132353354 0.5699440015073975 0.5147302175483895 0.7101845679295937 0.4503947139849713 0.601954769410934 0.4221157943844032 0.4991068494138351 0.6262986374289962
3.0 34.0 0.1528814063650173 0.1038341621344084 0.2592851083797599 0.6159203424164581 0.5048939466878947 0.542425391194508 0.3819720255912329 0.2555084465033738 0.5122655497793223 0.5082236776625353 0.5431988830238431 0.5654289907162269 0.609907146245917 0.5969689432768711 0.4221922878822531 0.4732029302898651 0.4823544697599607 0.5072712527818974 0.5875083590350357 0.5102322508000361 0.5896141489122106 0.2991133944612371 0.5295823632031418 0.6137805931878857
3.0 35.0 0.7492838704579211 -0.2178072047363228 -0.2861699861822012 0.631080930642851 0.5323163492641659 0.4240576113327332 0.445854286107567 0.273684856995034 0.596284985455367 0.438034278382757 0.4897045815388386 0.5387738800637685 0.6597122145788985 0.5306733626292569 0.490137245620188 0.3499372900116022 0.496979906636339 0.4764595288903359 0.7674148473143443 0.4341876566098835 0.6274617133154714 0.4489410227121286 0.4971295589723169 0.673632015679424
3.0 36.0 0.0926718182166553 -0.1747064320731598 0.284908887216249 0.5811814795537281 0.5024564440374779 0.4216507203997338 0.4121006300868303 0.2249792543107733 0.5645062489961955 0.5205234882431382 0.5712519781576111 0.5745747673918632 0.6412148070763133 0.6039545174766493 0.5013437729546875 0.3694199106359585 0.5345167472885587 0.4448600372874771 0.6803729609810525 0.4084521385288095 0.5437256273599036 0.3732493159523748 0.4671913286672096 0.6005561822482841
3.0 37.0 0.2222790555739341 -0.4316774546368416 -0.5346635162623816 0.599375214318562 0.5402954926389525 0.5153606133224875 0.3611208097064434 0.2535081627192647 0.5251927279545995 0.472298692988464 0.4944838578524737 0.4485875866543325 0.5970165702851408 0.4659226573466896 0.4194409454432497 0.403477108730079 0.5990239912602721 0.3996660239865982 0.6892679063550263 0.4689788138463643 0.5804452891441808 0.411849417418831 0.5553314550535421 0.620106556198472
3.0 38.0 0.0917400432379865 -0.4941187975753299 -0.3339147334479714 0.7372042828703604 0.6277879539731359 0.4579455010829139 0.4291046348530561 0.2668461211232478 0.5352121997574221 0.6226709200260693 0.6145535348125113 0.51968619975279 0.6119943937558877 0.5342380260059152 0.4155351102363609 0.390453782481808 0.549389751602885 0.3863290418832618 0.6765661770037962 0.5327441846618813 0.6532946106941416 0.3782954486594276 0.4839757800490094 0.7288242190768737
3.0 39.0 -0.418546858533888 0.4512861288168065 0.0670550616336556 0.666512534694676 0.4880251630708007 0.4423564181479945 0.3494195030612929 0.3421628054463321 0.6685593652494334 0.4252005365296058 0.473850683492807 0.5780998342404151 0.6636759222714166 0.4917384576998898 0.3358662653032322 0.3619714026027477 0.5408502957752426 0.483554980085993 0.6892777230453693 0.5314700564757255 0.6892637250568348 0.4111681585873128 0.5029206955074779 0.6195741088646156
3.0 40.0 -0.0023174452910113 -0.1917341372302884 -0.3277018235554321 0.7377336675044683 0.4984244518286846 0.4542636640825587 0.3293666736234982 0.1892288523567675 0.5492835026529849 0.5281620400839893 0.6150908121129908 0.5326774758865103 0.5417892266067567 0.4841243193648759 0.3594834586783338 0.4417106705189887 0.5195320560665823 0.4962900404028517 0.6566694654833757 0.4583996930654784 0.510967973283023 0.4903387548858533 0.516971751823121 0.6230289898696741
